-40.000000 0.003743
-39.000000 0.001741
-38.000000 -0.000490
-37.000000 -0.002522
-36.000000 -0.000677
-35.000000 -0.001301
-34.000000 0.000121
-33.000000 0.001121
-32.000000 -0.000457
-31.000000 -0.002604
-30.000000 -0.001965
-29.000000 -0.001564
-28.000000 -0.001909
-27.000000 -0.000776
-26.000000 0.001283
-25.000000 0.000372
-24.000000 0.001358
-23.000000 0.001458
-22.000000 0.001297
-21.000000 -0.000411
-20.000000 0.003847
-19.000000 0.001390
-18.000000 -0.000199
-17.000000 -0.000649
-16.000000 -0.001229
-15.000000 -0.000701
-14.000000 0.004423
-13.000000 0.001458
-12.000000 0.000270
-11.000000 0.000610
-10.000000 -0.000680
-9.000000 -0.000617
-8.000000 -0.000397
-7.000000 0.000041
-6.000000 0.000304
-5.000000 0.001429
-4.000000 0.000321
-3.000000 0.000319
-2.000000 0.001023
-1.000000 0.001370
0.000000 -0.003785
1.000000 0.003350
2.000000 -0.000712
3.000000 0.002379
4.000000 0.001434
5.000000 -0.000900
6.000000 -0.001720
7.000000 -0.000565
8.000000 -0.001717
9.000000 0.000948
10.000000 0.001089
11.000000 0.003465
12.000000 0.000385
13.000000 -0.002240
14.000000 0.001043
15.000000 -0.001967
16.000000 -0.002085
17.000000 0.001294
18.000000 0.004667
19.000000 0.002563
20.000000 -0.001316
21.000000 0.001124
22.000000 0.000775
23.000000 0.000075
24.000000 0.001067
25.000000 0.003574
26.000000 0.000160
27.000000 0.000946
28.000000 -0.000256
29.000000 0.000993
30.000000 0.001205
31.000000 0.001521
32.000000 0.001719
33.000000 0.001010
34.000000 -0.002685
35.000000 -0.001241
36.000000 0.002332
37.000000 0.000349
38.000000 0.001021
39.000000 -0.001671
40.000000 0.001508
